8.98234525735948
-1.08757590074473
-5.19441326877648
12.7833378981652
2.28969043522487
6.74852066248337
-5.92586270835836
-18.9515080661945
4.5119311087695
-1.81212463742763
-15.1982324350929
3.22478301684583
14.3583748382412
-2.96944329802052
-0.323215213172959
-6.54532661779421
0.554109924778575
12.2154082357974
-2.53387811017968
8.43679347421124
8.38619338027278
-7.33424800644405
-2.74020864771144
-5.11598252383516
-9.65619689517646
17.8394690945677
13.3316333168356
2.11423455886506
0.473365475818302
8.93800321942916
5.3911386221197
-2.75411708744075
-24.1621276525676
0.503040182239227
-3.85508052159264
4.81396781439343
15.436211050616
13.5644401314043
-14.5425962729708
3.46769057206272
2.59833620281549
1.11665652830908
-15.4716595792272
-3.0863605216281
-9.80585515436728
2.28919515612928
7.9353394938454
-9.17939550705933
7.32640404661567
-3.20339514975228
-18.2577688090664
4.5621946709769
-1.72555688018815
10.7877778697475
9.86804942950866
-8.80364994276464
2.701640779264
-1.38318896650347
9.09072406210223
-1.30173289966193
4.94299164234807
1.8505764778583
11.3867617965531
6.66704281959473
4.26997145508959
22.1860903666991
3.00273577546456
-6.66132798556506
8.40571563880893
10.7018167250708
-11.0628932346819
4.21032664273008
0.88177385754275
5.50930203247171
-24.8856330166499
-12.6044244865477
5.69159951233333
-10.1759777273176
-8.15698352047631
-6.08749430414607
13.5433297580286
-6.48577466120101
-15.023939982391
11.3065780218439
8.34736707039965
-8.19237888474167
1.36222602396176
6.96953330114454
3.12184014042274
-5.7870734511655
-2.45981110372024
-5.04334868150772
2.00316610045901
10.7429310382738
2.9412287653933
3.22795528740298
6.1450683204249
-1.94000467577861
2.1392950715199
-15.9797238101625
-1.8702505338783
11.1565563786291
-1.75326399920264
-0.0565907685459512
-3.82307268014759
-3.14298823343687
5.84813052678707
-10.6344241260472
-0.0619104331308722
-2.42712349599615
9.68941332862071
1.75409806162006
9.50888290012846
6.5207350032732
-9.56032527561323
-25.5703973177125
24.2071204391421
7.49824555879774
0.417764678116275
8.55380494888441
0.241310897417803
-14.3766321446699
-6.51010205637959
0.712622083265481
20.1055854221796
-4.93687670861416
-13.8421832171775
-4.35621096356185
1.50623491402095
-4.35561548165682
12.4292697700535
-5.39439410570714
-6.32079658940453
12.4328651075717
-12.9951328414964
-8.83595885903666
-4.86426108258873
7.17795575101216
2.47581304585862
17.8560981617542
9.13675209746224
-20.8255967041803
-9.10652296723628
8.31035767970324
-2.68325213189494
1.06833020837389
3.25933684051171
-0.714234403635508
7.737003328333
-4.92189966192379
7.06096847288669
-1.6301578073999
-1.57780326669595
-4.01053821039164
-11.3108681336255
-12.8622033467147
-21.0903191502485
-0.227384256936065
-14.9206181997169
-3.51258758946089
-0.302382963062897
-12.4299537321456
1.78502546534426
1.53154841566904
5.12312669512616
-8.16684190334048
-9.09857533573332
-3.63892733111585
-3.06424311129433
3.07327650753729
-1.12853114975742
-3.25384252536659
-8.50568837079363
-4.21801499180307
4.25456908712088
-2.99951363669847
-7.89420029455182
-18.088905898857
2.82417846100487
-6.3008413580987
-5.80581543593847
-0.152068083124099
12.0378906169686
3.37507310751782
9.66789345968709
4.4605732164591
-3.69221998750399
-6.92136748587389
-6.07646476697698
-8.18831122716529
4.39560077137126
4.04921451381471
2.59174497131144
11.1989303364069
18.8065670719789
-4.57808356923372
24.1565561674093
0.044276020237702
-5.42550080695647
3.76509267144492
